     2.10           N: GNSS NAV DATA    G: GPS              RINEX VERSION / TYPE
GNSSx THU                               20180227 150310 UTC PGM / RUN BY / DATE 
IGS BROADCAST EPHEMERIS FILE                                COMMENT             
Created by GNSSLab THU                                      COMMENT             
                                                            END OF HEADER       
13 18  1 18 15 44 42.0 0.000000000000e+00 0.000000000000e+00 0.000000000000e+00
    0.000000000000e+00 0.000000000000e+00 0.000000000000e+00 1.136061868188e+00
    0.000000000000e+00 0.000000000000e+00 0.000000000000e+00 5.153700811386e+03
    4.032000000000e+05 0.000000000000e+00-2.212083151422e+00 0.000000000000e+00
    9.599310884343e-01 0.000000000000e+00 1.506183742484e+00 0.000000000000e+00
    0.000000000000e+00 1.000000000000e+00 1.984000000000e+03 0.000000000000e+00
    0.000000000000e+00 0.000000000000e+00 0.000000000000e+00 0.000000000000e+00
    4.032000000000e+05 4.000000000000e+00 0.000000000000e+00 0.000000000000e+00
 6 18  1 18 15 44 42.0 0.000000000000e+00 0.000000000000e+00 0.000000000000e+00
    0.000000000000e+00 0.000000000000e+00 0.000000000000e+00 2.622060499619e+00
    0.000000000000e+00 0.000000000000e+00 0.000000000000e+00 5.153700811386e+03
    4.032000000000e+05 0.000000000000e+00 8.307977413292e-01 0.000000000000e+00
    9.599310884343e-01 0.000000000000e+00-1.463009119585e+00 0.000000000000e+00
    0.000000000000e+00 1.000000000000e+00 1.984000000000e+03 0.000000000000e+00
    0.000000000000e+00 0.000000000000e+00 0.000000000000e+00 0.000000000000e+00
    4.032000000000e+05 4.000000000000e+00 0.000000000000e+00 0.000000000000e+00
 3 18  1 18 15 44 42.0 0.000000000000e+00 0.000000000000e+00 0.000000000000e+00
    0.000000000000e+00 0.000000000000e+00 0.000000000000e+00 9.703441700438e-02
    0.000000000000e+00 0.000000000000e+00 0.000000000000e+00 5.153700811386e+03
    4.032000000000e+05 0.000000000000e+00 7.641294689224e-01 0.000000000000e+00
    9.599310884343e-01 0.000000000000e+00 8.899440766458e-01 0.000000000000e+00
    0.000000000000e+00 1.000000000000e+00 1.984000000000e+03 0.000000000000e+00
    0.000000000000e+00 0.000000000000e+00 0.000000000000e+00 0.000000000000e+00
    4.032000000000e+05 4.000000000000e+00 0.000000000000e+00 0.000000000000e+00
 7 18  1 18 15 44 42.0 0.000000000000e+00 0.000000000000e+00 0.000000000000e+00
    0.000000000000e+00 0.000000000000e+00 0.000000000000e+00-1.363619364974e+00
    0.000000000000e+00 0.000000000000e+00 0.000000000000e+00 5.153700811386e+03
    4.032000000000e+05 0.000000000000e+00-1.218897273998e+00 0.000000000000e+00
    9.599310884343e-01 0.000000000000e+00 2.923551320413e+00 0.000000000000e+00
    0.000000000000e+00 1.000000000000e+00 1.984000000000e+03 0.000000000000e+00
    0.000000000000e+00 0.000000000000e+00 0.000000000000e+00 0.000000000000e+00
    4.032000000000e+05 4.000000000000e+00 0.000000000000e+00 0.000000000000e+00
 8 18  1 18 15 44 42.0 0.000000000000e+00 0.000000000000e+00 0.000000000000e+00
    0.000000000000e+00 0.000000000000e+00 0.000000000000e+00-2.033707958362e+00
    0.000000000000e+00 0.000000000000e+00 0.000000000000e+00 5.153700811386e+03
    4.032000000000e+05 0.000000000000e+00-1.160808970776e+00 0.000000000000e+00
    9.599310884343e-01 0.000000000000e+00 2.976520061357e+00 0.000000000000e+00
    0.000000000000e+00 1.000000000000e+00 1.984000000000e+03 0.000000000000e+00
    0.000000000000e+00 0.000000000000e+00 0.000000000000e+00 0.000000000000e+00
    4.032000000000e+05 4.000000000000e+00 0.000000000000e+00 0.000000000000e+00
19 18  1 18 15 44 42.0 0.000000000000e+00 0.000000000000e+00 0.000000000000e+00
    0.000000000000e+00 0.000000000000e+00 0.000000000000e+00 7.636562207754e-01
    0.000000000000e+00 0.000000000000e+00 0.000000000000e+00 5.153700811386e+03
    4.032000000000e+05 0.000000000000e+00 9.473480677524e-01 0.000000000000e+00
    9.599310884343e-01 0.000000000000e+00-3.912845847450e-01 0.000000000000e+00
    0.000000000000e+00 1.000000000000e+00 1.984000000000e+03 0.000000000000e+00
    0.000000000000e+00 0.000000000000e+00 0.000000000000e+00 0.000000000000e+00
    4.032000000000e+05 4.000000000000e+00 0.000000000000e+00 0.000000000000e+00
10 18  1 18 15 44 42.0 0.000000000000e+00 0.000000000000e+00 0.000000000000e+00
    0.000000000000e+00 0.000000000000e+00 0.000000000000e+00 1.316353640464e+00
    0.000000000000e+00 0.000000000000e+00 0.000000000000e+00 5.153700811386e+03
    4.032000000000e+05 0.000000000000e+00 2.994674990291e+00 0.000000000000e+00
    9.599310884343e-01 0.000000000000e+00 5.908354526339e-01 0.000000000000e+00
    0.000000000000e+00 1.000000000000e+00 1.984000000000e+03 0.000000000000e+00
    0.000000000000e+00 0.000000000000e+00 0.000000000000e+00 0.000000000000e+00
    4.032000000000e+05 4.000000000000e+00 0.000000000000e+00 0.000000000000e+00
13 18  1 18 15 44 42.0 0.000000000000e+00 0.000000000000e+00 0.000000000000e+00
    0.000000000000e+00 0.000000000000e+00 0.000000000000e+00 1.136061868188e+00
    0.000000000000e+00 0.000000000000e+00 0.000000000000e+00 5.153700811386e+03
    4.032000000000e+05 0.000000000000e+00-2.212083151422e+00 0.000000000000e+00
    9.599310884343e-01 0.000000000000e+00 1.506183742484e+00 0.000000000000e+00
    0.000000000000e+00 1.000000000000e+00 1.984000000000e+03 0.000000000000e+00
    0.000000000000e+00 0.000000000000e+00 0.000000000000e+00 0.000000000000e+00
    4.032000000000e+05 4.000000000000e+00 0.000000000000e+00 0.000000000000e+00
 6 18  1 18 15 44 42.0 0.000000000000e+00 0.000000000000e+00 0.000000000000e+00
    0.000000000000e+00 0.000000000000e+00 0.000000000000e+00 2.622060499619e+00
    0.000000000000e+00 0.000000000000e+00 0.000000000000e+00 5.153700811386e+03
    4.032000000000e+05 0.000000000000e+00 8.307977413292e-01 0.000000000000e+00
    9.599310884343e-01 0.000000000000e+00-1.463009119585e+00 0.000000000000e+00
    0.000000000000e+00 1.000000000000e+00 1.984000000000e+03 0.000000000000e+00
    0.000000000000e+00 0.000000000000e+00 0.000000000000e+00 0.000000000000e+00
    4.032000000000e+05 4.000000000000e+00 0.000000000000e+00 0.000000000000e+00
 3 18  1 18 15 44 42.0 0.000000000000e+00 0.000000000000e+00 0.000000000000e+00
    0.000000000000e+00 0.000000000000e+00 0.000000000000e+00 9.703441700438e-02
    0.000000000000e+00 0.000000000000e+00 0.000000000000e+00 5.153700811386e+03
    4.032000000000e+05 0.000000000000e+00 7.641294689224e-01 0.000000000000e+00
    9.599310884343e-01 0.000000000000e+00 8.899440766458e-01 0.000000000000e+00
    0.000000000000e+00 1.000000000000e+00 1.984000000000e+03 0.000000000000e+00
    0.000000000000e+00 0.000000000000e+00 0.000000000000e+00 0.000000000000e+00
    4.032000000000e+05 4.000000000000e+00 0.000000000000e+00 0.000000000000e+00
23 18  1 18 15 45 12.0 0.000000000000e+00 0.000000000000e+00 0.000000000000e+00
    0.000000000000e+00 0.000000000000e+00 0.000000000000e+00 2.245158765132e-01
    0.000000000000e+00 0.000000000000e+00 0.000000000000e+00 5.153700811386e+03
    4.032000000000e+05 0.000000000000e+00-2.261449149383e+00 0.000000000000e+00
    9.599310884343e-01 0.000000000000e+00 2.882402657652e+00 0.000000000000e+00
    0.000000000000e+00 1.000000000000e+00 1.984000000000e+03 0.000000000000e+00
    0.000000000000e+00 0.000000000000e+00 0.000000000000e+00 0.000000000000e+00
    4.032000000000e+05 4.000000000000e+00 0.000000000000e+00 0.000000000000e+00
 7 18  1 18 15 44 42.0 0.000000000000e+00 0.000000000000e+00 0.000000000000e+00
    0.000000000000e+00 0.000000000000e+00 0.000000000000e+00-1.363619364974e+00
    0.000000000000e+00 0.000000000000e+00 0.000000000000e+00 5.153700811386e+03
    4.032000000000e+05 0.000000000000e+00-1.218897273998e+00 0.000000000000e+00
    9.599310884343e-01 0.000000000000e+00 2.923551320413e+00 0.000000000000e+00
    0.000000000000e+00 1.000000000000e+00 1.984000000000e+03 0.000000000000e+00
    0.000000000000e+00 0.000000000000e+00 0.000000000000e+00 0.000000000000e+00
    4.032000000000e+05 4.000000000000e+00 0.000000000000e+00 0.000000000000e+00
 8 18  1 18 15 44 42.0 0.000000000000e+00 0.000000000000e+00 0.000000000000e+00
    0.000000000000e+00 0.000000000000e+00 0.000000000000e+00-2.033707958362e+00
    0.000000000000e+00 0.000000000000e+00 0.000000000000e+00 5.153700811386e+03
    4.032000000000e+05 0.000000000000e+00-1.160808970776e+00 0.000000000000e+00
    9.599310884343e-01 0.000000000000e+00 2.976520061357e+00 0.000000000000e+00
    0.000000000000e+00 1.000000000000e+00 1.984000000000e+03 0.000000000000e+00
    0.000000000000e+00 0.000000000000e+00 0.000000000000e+00 0.000000000000e+00
    4.032000000000e+05 4.000000000000e+00 0.000000000000e+00 0.000000000000e+00
19 18  1 18 15 44 42.0 0.000000000000e+00 0.000000000000e+00 0.000000000000e+00
    0.000000000000e+00 0.000000000000e+00 0.000000000000e+00 7.636562207754e-01
    0.000000000000e+00 0.000000000000e+00 0.000000000000e+00 5.153700811386e+03
    4.032000000000e+05 0.000000000000e+00 9.473480677524e-01 0.000000000000e+00
    9.599310884343e-01 0.000000000000e+00-3.912845847450e-01 0.000000000000e+00
    0.000000000000e+00 1.000000000000e+00 1.984000000000e+03 0.000000000000e+00
    0.000000000000e+00 0.000000000000e+00 0.000000000000e+00 0.000000000000e+00
    4.032000000000e+05 4.000000000000e+00 0.000000000000e+00 0.000000000000e+00
10 18  1 18 15 44 42.0 0.000000000000e+00 0.000000000000e+00 0.000000000000e+00
    0.000000000000e+00 0.000000000000e+00 0.000000000000e+00 1.316353640464e+00
    0.000000000000e+00 0.000000000000e+00 0.000000000000e+00 5.153700811386e+03
    4.032000000000e+05 0.000000000000e+00 2.994674990291e+00 0.000000000000e+00
    9.599310884343e-01 0.000000000000e+00 5.908354526339e-01 0.000000000000e+00
    0.000000000000e+00 1.000000000000e+00 1.984000000000e+03 0.000000000000e+00
    0.000000000000e+00 0.000000000000e+00 0.000000000000e+00 0.000000000000e+00
    4.032000000000e+05 4.000000000000e+00 0.000000000000e+00 0.000000000000e+00
13 18  1 18 15 44 42.0 0.000000000000e+00 0.000000000000e+00 0.000000000000e+00
    0.000000000000e+00 0.000000000000e+00 0.000000000000e+00 1.136061868188e+00
    0.000000000000e+00 0.000000000000e+00 0.000000000000e+00 5.153700811386e+03
    4.032000000000e+05 0.000000000000e+00-2.212083151422e+00 0.000000000000e+00
    9.599310884343e-01 0.000000000000e+00 1.506183742484e+00 0.000000000000e+00
    0.000000000000e+00 1.000000000000e+00 1.984000000000e+03 0.000000000000e+00
    0.000000000000e+00 0.000000000000e+00 0.000000000000e+00 0.000000000000e+00
    4.032000000000e+05 4.000000000000e+00 0.000000000000e+00 0.000000000000e+00
 6 18  1 18 15 44 42.0 0.000000000000e+00 0.000000000000e+00 0.000000000000e+00
    0.000000000000e+00 0.000000000000e+00 0.000000000000e+00 2.622060499619e+00
    0.000000000000e+00 0.000000000000e+00 0.000000000000e+00 5.153700811386e+03
    4.032000000000e+05 0.000000000000e+00 8.307977413292e-01 0.000000000000e+00
    9.599310884343e-01 0.000000000000e+00-1.463009119585e+00 0.000000000000e+00
    0.000000000000e+00 1.000000000000e+00 1.984000000000e+03 0.000000000000e+00
    0.000000000000e+00 0.000000000000e+00 0.000000000000e+00 0.000000000000e+00
    4.032000000000e+05 4.000000000000e+00 0.000000000000e+00 0.000000000000e+00
 3 18  1 18 15 44 42.0 0.000000000000e+00 0.000000000000e+00 0.000000000000e+00
    0.000000000000e+00 0.000000000000e+00 0.000000000000e+00 9.703441700438e-02
    0.000000000000e+00 0.000000000000e+00 0.000000000000e+00 5.153700811386e+03
    4.032000000000e+05 0.000000000000e+00 7.641294689224e-01 0.000000000000e+00
    9.599310884343e-01 0.000000000000e+00 8.899440766458e-01 0.000000000000e+00
    0.000000000000e+00 1.000000000000e+00 1.984000000000e+03 0.000000000000e+00
    0.000000000000e+00 0.000000000000e+00 0.000000000000e+00 0.000000000000e+00
    4.032000000000e+05 4.000000000000e+00 0.000000000000e+00 0.000000000000e+00
23 18  1 18 15 45 12.0 0.000000000000e+00 0.000000000000e+00 0.000000000000e+00
    0.000000000000e+00 0.000000000000e+00 0.000000000000e+00 2.245158765132e-01
    0.000000000000e+00 0.000000000000e+00 0.000000000000e+00 5.153700811386e+03
    4.032000000000e+05 0.000000000000e+00-2.261449149383e+00 0.000000000000e+00
    9.599310884343e-01 0.000000000000e+00 2.882402657652e+00 0.000000000000e+00
    0.000000000000e+00 1.000000000000e+00 1.984000000000e+03 0.000000000000e+00
    0.000000000000e+00 0.000000000000e+00 0.000000000000e+00 0.000000000000e+00
    4.032000000000e+05 4.000000000000e+00 0.000000000000e+00 0.000000000000e+00
 7 18  1 18 15 44 42.0 0.000000000000e+00 0.000000000000e+00 0.000000000000e+00
    0.000000000000e+00 0.000000000000e+00 0.000000000000e+00-1.363619364974e+00
    0.000000000000e+00 0.000000000000e+00 0.000000000000e+00 5.153700811386e+03
    4.032000000000e+05 0.000000000000e+00-1.218897273998e+00 0.000000000000e+00
    9.599310884343e-01 0.000000000000e+00 2.923551320413e+00 0.000000000000e+00
    0.000000000000e+00 1.000000000000e+00 1.984000000000e+03 0.000000000000e+00
    0.000000000000e+00 0.000000000000e+00 0.000000000000e+00 0.000000000000e+00
    4.032000000000e+05 4.000000000000e+00 0.000000000000e+00 0.000000000000e+00
 8 18  1 18 15 44 42.0 0.000000000000e+00 0.000000000000e+00 0.000000000000e+00
    0.000000000000e+00 0.000000000000e+00 0.000000000000e+00-2.033707958362e+00
    0.000000000000e+00 0.000000000000e+00 0.000000000000e+00 5.153700811386e+03
    4.032000000000e+05 0.000000000000e+00-1.160808970776e+00 0.000000000000e+00
    9.599310884343e-01 0.000000000000e+00 2.976520061357e+00 0.000000000000e+00
    0.000000000000e+00 1.000000000000e+00 1.984000000000e+03 0.000000000000e+00
    0.000000000000e+00 0.000000000000e+00 0.000000000000e+00 0.000000000000e+00
    4.032000000000e+05 4.000000000000e+00 0.000000000000e+00 0.000000000000e+00
19 18  1 18 15 44 42.0 0.000000000000e+00 0.000000000000e+00 0.000000000000e+00
    0.000000000000e+00 0.000000000000e+00 0.000000000000e+00 7.636562207754e-01
    0.000000000000e+00 0.000000000000e+00 0.000000000000e+00 5.153700811386e+03
    4.032000000000e+05 0.000000000000e+00 9.473480677524e-01 0.000000000000e+00
    9.599310884343e-01 0.000000000000e+00-3.912845847450e-01 0.000000000000e+00
    0.000000000000e+00 1.000000000000e+00 1.984000000000e+03 0.000000000000e+00
    0.000000000000e+00 0.000000000000e+00 0.000000000000e+00 0.000000000000e+00
    4.032000000000e+05 4.000000000000e+00 0.000000000000e+00 0.000000000000e+00
10 18  1 18 15 44 42.0 0.000000000000e+00 0.000000000000e+00 0.000000000000e+00
    0.000000000000e+00 0.000000000000e+00 0.000000000000e+00 1.316353640464e+00
    0.000000000000e+00 0.000000000000e+00 0.000000000000e+00 5.153700811386e+03
    4.032000000000e+05 0.000000000000e+00 2.994674990291e+00 0.000000000000e+00
    9.599310884343e-01 0.000000000000e+00 5.908354526339e-01 0.000000000000e+00
    0.000000000000e+00 1.000000000000e+00 1.984000000000e+03 0.000000000000e+00
    0.000000000000e+00 0.000000000000e+00 0.000000000000e+00 0.000000000000e+00
    4.032000000000e+05 4.000000000000e+00 0.000000000000e+00 0.000000000000e+00
13 18  1 18 15 44 42.0 0.000000000000e+00 0.000000000000e+00 0.000000000000e+00
    0.000000000000e+00 0.000000000000e+00 0.000000000000e+00 1.136061868188e+00
    0.000000000000e+00 0.000000000000e+00 0.000000000000e+00 5.153700811386e+03
    4.032000000000e+05 0.000000000000e+00-2.212083151422e+00 0.000000000000e+00
    9.599310884343e-01 0.000000000000e+00 1.506183742484e+00 0.000000000000e+00
    0.000000000000e+00 1.000000000000e+00 1.984000000000e+03 0.000000000000e+00
    0.000000000000e+00 0.000000000000e+00 0.000000000000e+00 0.000000000000e+00
    4.032000000000e+05 4.000000000000e+00 0.000000000000e+00 0.000000000000e+00
 6 18  1 18 15 44 42.0 0.000000000000e+00 0.000000000000e+00 0.000000000000e+00
    0.000000000000e+00 0.000000000000e+00 0.000000000000e+00 2.622060499619e+00
    0.000000000000e+00 0.000000000000e+00 0.000000000000e+00 5.153700811386e+03
    4.032000000000e+05 0.000000000000e+00 8.307977413292e-01 0.000000000000e+00
    9.599310884343e-01 0.000000000000e+00-1.463009119585e+00 0.000000000000e+00
    0.000000000000e+00 1.000000000000e+00 1.984000000000e+03 0.000000000000e+00
    0.000000000000e+00 0.000000000000e+00 0.000000000000e+00 0.000000000000e+00
    4.032000000000e+05 4.000000000000e+00 0.000000000000e+00 0.000000000000e+00
 3 18  1 18 15 44 42.0 0.000000000000e+00 0.000000000000e+00 0.000000000000e+00
    0.000000000000e+00 0.000000000000e+00 0.000000000000e+00 9.703441700438e-02
    0.000000000000e+00 0.000000000000e+00 0.000000000000e+00 5.153700811386e+03
    4.032000000000e+05 0.000000000000e+00 7.641294689224e-01 0.000000000000e+00
    9.599310884343e-01 0.000000000000e+00 8.899440766458e-01 0.000000000000e+00
    0.000000000000e+00 1.000000000000e+00 1.984000000000e+03 0.000000000000e+00
    0.000000000000e+00 0.000000000000e+00 0.000000000000e+00 0.000000000000e+00
    4.032000000000e+05 4.000000000000e+00 0.000000000000e+00 0.000000000000e+00
23 18  1 18 15 45 12.0 0.000000000000e+00 0.000000000000e+00 0.000000000000e+00
    0.000000000000e+00 0.000000000000e+00 0.000000000000e+00 2.245158765132e-01
    0.000000000000e+00 0.000000000000e+00 0.000000000000e+00 5.153700811386e+03
    4.032000000000e+05 0.000000000000e+00-2.261449149383e+00 0.000000000000e+00
    9.599310884343e-01 0.000000000000e+00 2.882402657652e+00 0.000000000000e+00
    0.000000000000e+00 1.000000000000e+00 1.984000000000e+03 0.000000000000e+00
    0.000000000000e+00 0.000000000000e+00 0.000000000000e+00 0.000000000000e+00
    4.032000000000e+05 4.000000000000e+00 0.000000000000e+00 0.000000000000e+00
 7 18  1 18 15 44 42.0 0.000000000000e+00 0.000000000000e+00 0.000000000000e+00
    0.000000000000e+00 0.000000000000e+00 0.000000000000e+00-1.363619364974e+00
    0.000000000000e+00 0.000000000000e+00 0.000000000000e+00 5.153700811386e+03
    4.032000000000e+05 0.000000000000e+00-1.218897273998e+00 0.000000000000e+00
    9.599310884343e-01 0.000000000000e+00 2.923551320413e+00 0.000000000000e+00
    0.000000000000e+00 1.000000000000e+00 1.984000000000e+03 0.000000000000e+00
    0.000000000000e+00 0.000000000000e+00 0.000000000000e+00 0.000000000000e+00
    4.032000000000e+05 4.000000000000e+00 0.000000000000e+00 0.000000000000e+00
 8 18  1 18 15 44 42.0 0.000000000000e+00 0.000000000000e+00 0.000000000000e+00
    0.000000000000e+00 0.000000000000e+00 0.000000000000e+00-2.033707958362e+00
    0.000000000000e+00 0.000000000000e+00 0.000000000000e+00 5.153700811386e+03
    4.032000000000e+05 0.000000000000e+00-1.160808970776e+00 0.000000000000e+00
    9.599310884343e-01 0.000000000000e+00 2.976520061357e+00 0.000000000000e+00
    0.000000000000e+00 1.000000000000e+00 1.984000000000e+03 0.000000000000e+00
    0.000000000000e+00 0.000000000000e+00 0.000000000000e+00 0.000000000000e+00
    4.032000000000e+05 4.000000000000e+00 0.000000000000e+00 0.000000000000e+00
19 18  1 18 15 44 42.0 0.000000000000e+00 0.000000000000e+00 0.000000000000e+00
    0.000000000000e+00 0.000000000000e+00 0.000000000000e+00 7.636562207754e-01
    0.000000000000e+00 0.000000000000e+00 0.000000000000e+00 5.153700811386e+03
    4.032000000000e+05 0.000000000000e+00 9.473480677524e-01 0.000000000000e+00
    9.599310884343e-01 0.000000000000e+00-3.912845847450e-01 0.000000000000e+00
    0.000000000000e+00 1.000000000000e+00 1.984000000000e+03 0.000000000000e+00
    0.000000000000e+00 0.000000000000e+00 0.000000000000e+00 0.000000000000e+00
    4.032000000000e+05 4.000000000000e+00 0.000000000000e+00 0.000000000000e+00
10 18  1 18 15 44 42.0 0.000000000000e+00 0.000000000000e+00 0.000000000000e+00
    0.000000000000e+00 0.000000000000e+00 0.000000000000e+00 1.316353640464e+00
    0.000000000000e+00 0.000000000000e+00 0.000000000000e+00 5.153700811386e+03
    4.032000000000e+05 0.000000000000e+00 2.994674990291e+00 0.000000000000e+00
    9.599310884343e-01 0.000000000000e+00 5.908354526339e-01 0.000000000000e+00
    0.000000000000e+00 1.000000000000e+00 1.984000000000e+03 0.000000000000e+00
    0.000000000000e+00 0.000000000000e+00 0.000000000000e+00 0.000000000000e+00
    4.032000000000e+05 4.000000000000e+00 0.000000000000e+00 0.000000000000e+00
13 18  1 18 15 44 42.0 0.000000000000e+00 0.000000000000e+00 0.000000000000e+00
    0.000000000000e+00 0.000000000000e+00 0.000000000000e+00 1.136061868188e+00
    0.000000000000e+00 0.000000000000e+00 0.000000000000e+00 5.153700811386e+03
    4.032000000000e+05 0.000000000000e+00-2.212083151422e+00 0.000000000000e+00
    9.599310884343e-01 0.000000000000e+00 1.506183742484e+00 0.000000000000e+00
    0.000000000000e+00 1.000000000000e+00 1.984000000000e+03 0.000000000000e+00
    0.000000000000e+00 0.000000000000e+00 0.000000000000e+00 0.000000000000e+00
    4.032000000000e+05 4.000000000000e+00 0.000000000000e+00 0.000000000000e+00
 6 18  1 18 15 44 42.0 0.000000000000e+00 0.000000000000e+00 0.000000000000e+00
    0.000000000000e+00 0.000000000000e+00 0.000000000000e+00 2.622060499619e+00
    0.000000000000e+00 0.000000000000e+00 0.000000000000e+00 5.153700811386e+03
    4.032000000000e+05 0.000000000000e+00 8.307977413292e-01 0.000000000000e+00
    9.599310884343e-01 0.000000000000e+00-1.463009119585e+00 0.000000000000e+00
    0.000000000000e+00 1.000000000000e+00 1.984000000000e+03 0.000000000000e+00
    0.000000000000e+00 0.000000000000e+00 0.000000000000e+00 0.000000000000e+00
    4.032000000000e+05 4.000000000000e+00 0.000000000000e+00 0.000000000000e+00
 3 18  1 18 15 44 42.0 0.000000000000e+00 0.000000000000e+00 0.000000000000e+00
    0.000000000000e+00 0.000000000000e+00 0.000000000000e+00 9.703441700438e-02
    0.000000000000e+00 0.000000000000e+00 0.000000000000e+00 5.153700811386e+03
    4.032000000000e+05 0.000000000000e+00 7.641294689224e-01 0.000000000000e+00
    9.599310884343e-01 0.000000000000e+00 8.899440766458e-01 0.000000000000e+00
    0.000000000000e+00 1.000000000000e+00 1.984000000000e+03 0.000000000000e+00
    0.000000000000e+00 0.000000000000e+00 0.000000000000e+00 0.000000000000e+00
    4.032000000000e+05 4.000000000000e+00 0.000000000000e+00 0.000000000000e+00
23 18  1 18 15 45 12.0 0.000000000000e+00 0.000000000000e+00 0.000000000000e+00
    0.000000000000e+00 0.000000000000e+00 0.000000000000e+00 2.245158765132e-01
    0.000000000000e+00 0.000000000000e+00 0.000000000000e+00 5.153700811386e+03
    4.032000000000e+05 0.000000000000e+00-2.261449149383e+00 0.000000000000e+00
    9.599310884343e-01 0.000000000000e+00 2.882402657652e+00 0.000000000000e+00
    0.000000000000e+00 1.000000000000e+00 1.984000000000e+03 0.000000000000e+00
    0.000000000000e+00 0.000000000000e+00 0.000000000000e+00 0.000000000000e+00
    4.032000000000e+05 4.000000000000e+00 0.000000000000e+00 0.000000000000e+00
 7 18  1 18 15 44 42.0 0.000000000000e+00 0.000000000000e+00 0.000000000000e+00
    0.000000000000e+00 0.000000000000e+00 0.000000000000e+00-1.363619364974e+00
    0.000000000000e+00 0.000000000000e+00 0.000000000000e+00 5.153700811386e+03
    4.032000000000e+05 0.000000000000e+00-1.218897273998e+00 0.000000000000e+00
    9.599310884343e-01 0.000000000000e+00 2.923551320413e+00 0.000000000000e+00
    0.000000000000e+00 1.000000000000e+00 1.984000000000e+03 0.000000000000e+00
    0.000000000000e+00 0.000000000000e+00 0.000000000000e+00 0.000000000000e+00
    4.032000000000e+05 4.000000000000e+00 0.000000000000e+00 0.000000000000e+00
 8 18  1 18 15 44 42.0 0.000000000000e+00 0.000000000000e+00 0.000000000000e+00
    0.000000000000e+00 0.000000000000e+00 0.000000000000e+00-2.033707958362e+00
    0.000000000000e+00 0.000000000000e+00 0.000000000000e+00 5.153700811386e+03
    4.032000000000e+05 0.000000000000e+00-1.160808970776e+00 0.000000000000e+00
    9.599310884343e-01 0.000000000000e+00 2.976520061357e+00 0.000000000000e+00
    0.000000000000e+00 1.000000000000e+00 1.984000000000e+03 0.000000000000e+00
    0.000000000000e+00 0.000000000000e+00 0.000000000000e+00 0.000000000000e+00
    4.032000000000e+05 4.000000000000e+00 0.000000000000e+00 0.000000000000e+00
19 18  1 18 15 44 42.0 0.000000000000e+00 0.000000000000e+00 0.000000000000e+00
    0.000000000000e+00 0.000000000000e+00 0.000000000000e+00 7.636562207754e-01
    0.000000000000e+00 0.000000000000e+00 0.000000000000e+00 5.153700811386e+03
    4.032000000000e+05 0.000000000000e+00 9.473480677524e-01 0.000000000000e+00
    9.599310884343e-01 0.000000000000e+00-3.912845847450e-01 0.000000000000e+00
    0.000000000000e+00 1.000000000000e+00 1.984000000000e+03 0.000000000000e+00
    0.000000000000e+00 0.000000000000e+00 0.000000000000e+00 0.000000000000e+00
    4.032000000000e+05 4.000000000000e+00 0.000000000000e+00 0.000000000000e+00
10 18  1 18 15 44 42.0 0.000000000000e+00 0.000000000000e+00 0.000000000000e+00
    0.000000000000e+00 0.000000000000e+00 0.000000000000e+00 1.316353640464e+00
    0.000000000000e+00 0.000000000000e+00 0.000000000000e+00 5.153700811386e+03
    4.032000000000e+05 0.000000000000e+00 2.994674990291e+00 0.000000000000e+00
    9.599310884343e-01 0.000000000000e+00 5.908354526339e-01 0.000000000000e+00
    0.000000000000e+00 1.000000000000e+00 1.984000000000e+03 0.000000000000e+00
    0.000000000000e+00 0.000000000000e+00 0.000000000000e+00 0.000000000000e+00
    4.032000000000e+05 4.000000000000e+00 0.000000000000e+00 0.000000000000e+00
13 18  1 18 15 44 42.0 0.000000000000e+00 0.000000000000e+00 0.000000000000e+00
    0.000000000000e+00 0.000000000000e+00 0.000000000000e+00 1.136061868188e+00
    0.000000000000e+00 0.000000000000e+00 0.000000000000e+00 5.153700811386e+03
    4.032000000000e+05 0.000000000000e+00-2.212083151422e+00 0.000000000000e+00
    9.599310884343e-01 0.000000000000e+00 1.506183742484e+00 0.000000000000e+00
    0.000000000000e+00 1.000000000000e+00 1.984000000000e+03 0.000000000000e+00
    0.000000000000e+00 0.000000000000e+00 0.000000000000e+00 0.000000000000e+00
    4.032000000000e+05 4.000000000000e+00 0.000000000000e+00 0.000000000000e+00
 6 18  1 18 15 44 42.0 0.000000000000e+00 0.000000000000e+00 0.000000000000e+00
    0.000000000000e+00 0.000000000000e+00 0.000000000000e+00 2.622060499619e+00
    0.000000000000e+00 0.000000000000e+00 0.000000000000e+00 5.153700811386e+03
    4.032000000000e+05 0.000000000000e+00 8.307977413292e-01 0.000000000000e+00
    9.599310884343e-01 0.000000000000e+00-1.463009119585e+00 0.000000000000e+00
    0.000000000000e+00 1.000000000000e+00 1.984000000000e+03 0.000000000000e+00
    0.000000000000e+00 0.000000000000e+00 0.000000000000e+00 0.000000000000e+00
    4.032000000000e+05 4.000000000000e+00 0.000000000000e+00 0.000000000000e+00
 3 18  1 18 15 44 42.0 0.000000000000e+00 0.000000000000e+00 0.000000000000e+00
    0.000000000000e+00 0.000000000000e+00 0.000000000000e+00 9.703441700438e-02
    0.000000000000e+00 0.000000000000e+00 0.000000000000e+00 5.153700811386e+03
    4.032000000000e+05 0.000000000000e+00 7.641294689224e-01 0.000000000000e+00
    9.599310884343e-01 0.000000000000e+00 8.899440766458e-01 0.000000000000e+00
    0.000000000000e+00 1.000000000000e+00 1.984000000000e+03 0.000000000000e+00
    0.000000000000e+00 0.000000000000e+00 0.000000000000e+00 0.000000000000e+00
    4.032000000000e+05 4.000000000000e+00 0.000000000000e+00 0.000000000000e+00
23 18  1 18 15 45 12.0 0.000000000000e+00 0.000000000000e+00 0.000000000000e+00
    0.000000000000e+00 0.000000000000e+00 0.000000000000e+00 2.245158765132e-01
    0.000000000000e+00 0.000000000000e+00 0.000000000000e+00 5.153700811386e+03
    4.032000000000e+05 0.000000000000e+00-2.261449149383e+00 0.000000000000e+00
    9.599310884343e-01 0.000000000000e+00 2.882402657652e+00 0.000000000000e+00
    0.000000000000e+00 1.000000000000e+00 1.984000000000e+03 0.000000000000e+00
    0.000000000000e+00 0.000000000000e+00 0.000000000000e+00 0.000000000000e+00
    4.032000000000e+05 4.000000000000e+00 0.000000000000e+00 0.000000000000e+00
 7 18  1 18 15 44 42.0 0.000000000000e+00 0.000000000000e+00 0.000000000000e+00
    0.000000000000e+00 0.000000000000e+00 0.000000000000e+00-1.363619364974e+00
    0.000000000000e+00 0.000000000000e+00 0.000000000000e+00 5.153700811386e+03
    4.032000000000e+05 0.000000000000e+00-1.218897273998e+00 0.000000000000e+00
    9.599310884343e-01 0.000000000000e+00 2.923551320413e+00 0.000000000000e+00
    0.000000000000e+00 1.000000000000e+00 1.984000000000e+03 0.000000000000e+00
    0.000000000000e+00 0.000000000000e+00 0.000000000000e+00 0.000000000000e+00
    4.032000000000e+05 4.000000000000e+00 0.000000000000e+00 0.000000000000e+00
 8 18  1 18 15 44 42.0 0.000000000000e+00 0.000000000000e+00 0.000000000000e+00
    0.000000000000e+00 0.000000000000e+00 0.000000000000e+00-2.033707958362e+00
    0.000000000000e+00 0.000000000000e+00 0.000000000000e+00 5.153700811386e+03
    4.032000000000e+05 0.000000000000e+00-1.160808970776e+00 0.000000000000e+00
    9.599310884343e-01 0.000000000000e+00 2.976520061357e+00 0.000000000000e+00
    0.000000000000e+00 1.000000000000e+00 1.984000000000e+03 0.000000000000e+00
    0.000000000000e+00 0.000000000000e+00 0.000000000000e+00 0.000000000000e+00
    4.032000000000e+05 4.000000000000e+00 0.000000000000e+00 0.000000000000e+00
19 18  1 18 15 44 42.0 0.000000000000e+00 0.000000000000e+00 0.000000000000e+00
    0.000000000000e+00 0.000000000000e+00 0.000000000000e+00 7.636562207754e-01
    0.000000000000e+00 0.000000000000e+00 0.000000000000e+00 5.153700811386e+03
    4.032000000000e+05 0.000000000000e+00 9.473480677524e-01 0.000000000000e+00
    9.599310884343e-01 0.000000000000e+00-3.912845847450e-01 0.000000000000e+00
    0.000000000000e+00 1.000000000000e+00 1.984000000000e+03 0.000000000000e+00
    0.000000000000e+00 0.000000000000e+00 0.000000000000e+00 0.000000000000e+00
    4.032000000000e+05 4.000000000000e+00 0.000000000000e+00 0.000000000000e+00
10 18  1 18 15 44 42.0 0.000000000000e+00 0.000000000000e+00 0.000000000000e+00
    0.000000000000e+00 0.000000000000e+00 0.000000000000e+00 1.316353640464e+00
    0.000000000000e+00 0.000000000000e+00 0.000000000000e+00 5.153700811386e+03
    4.032000000000e+05 0.000000000000e+00 2.994674990291e+00 0.000000000000e+00
    9.599310884343e-01 0.000000000000e+00 5.908354526339e-01 0.000000000000e+00
    0.000000000000e+00 1.000000000000e+00 1.984000000000e+03 0.000000000000e+00
    0.000000000000e+00 0.000000000000e+00 0.000000000000e+00 0.000000000000e+00
    4.032000000000e+05 4.000000000000e+00 0.000000000000e+00 0.000000000000e+00
13 18  1 18 15 44 42.0 0.000000000000e+00 0.000000000000e+00 0.000000000000e+00
    0.000000000000e+00 0.000000000000e+00 0.000000000000e+00 1.136061868188e+00
    0.000000000000e+00 0.000000000000e+00 0.000000000000e+00 5.153700811386e+03
    4.032000000000e+05 0.000000000000e+00-2.212083151422e+00 0.000000000000e+00
    9.599310884343e-01 0.000000000000e+00 1.506183742484e+00 0.000000000000e+00
    0.000000000000e+00 1.000000000000e+00 1.984000000000e+03 0.000000000000e+00
    0.000000000000e+00 0.000000000000e+00 0.000000000000e+00 0.000000000000e+00
    4.032000000000e+05 4.000000000000e+00 0.000000000000e+00 0.000000000000e+00
 6 18  1 18 15 44 42.0 0.000000000000e+00 0.000000000000e+00 0.000000000000e+00
    0.000000000000e+00 0.000000000000e+00 0.000000000000e+00 2.622060499619e+00
    0.000000000000e+00 0.000000000000e+00 0.000000000000e+00 5.153700811386e+03
    4.032000000000e+05 0.000000000000e+00 8.307977413292e-01 0.000000000000e+00
    9.599310884343e-01 0.000000000000e+00-1.463009119585e+00 0.000000000000e+00
    0.000000000000e+00 1.000000000000e+00 1.984000000000e+03 0.000000000000e+00
    0.000000000000e+00 0.000000000000e+00 0.000000000000e+00 0.000000000000e+00
    4.032000000000e+05 4.000000000000e+00 0.000000000000e+00 0.000000000000e+00
 3 18  1 18 15 44 42.0 0.000000000000e+00 0.000000000000e+00 0.000000000000e+00
    0.000000000000e+00 0.000000000000e+00 0.000000000000e+00 9.703441700438e-02
    0.000000000000e+00 0.000000000000e+00 0.000000000000e+00 5.153700811386e+03
    4.032000000000e+05 0.000000000000e+00 7.641294689224e-01 0.000000000000e+00
    9.599310884343e-01 0.000000000000e+00 8.899440766458e-01 0.000000000000e+00
    0.000000000000e+00 1.000000000000e+00 1.984000000000e+03 0.000000000000e+00
    0.000000000000e+00 0.000000000000e+00 0.000000000000e+00 0.000000000000e+00
    4.032000000000e+05 4.000000000000e+00 0.000000000000e+00 0.000000000000e+00
23 18  1 18 15 45 12.0 0.000000000000e+00 0.000000000000e+00 0.000000000000e+00
    0.000000000000e+00 0.000000000000e+00 0.000000000000e+00 2.245158765132e-01
    0.000000000000e+00 0.000000000000e+00 0.000000000000e+00 5.153700811386e+03
    4.032000000000e+05 0.000000000000e+00-2.261449149383e+00 0.000000000000e+00
    9.599310884343e-01 0.000000000000e+00 2.882402657652e+00 0.000000000000e+00
    0.000000000000e+00 1.000000000000e+00 1.984000000000e+03 0.000000000000e+00
    0.000000000000e+00 0.000000000000e+00 0.000000000000e+00 0.000000000000e+00
    4.032000000000e+05 4.000000000000e+00 0.000000000000e+00 0.000000000000e+00
 7 18  1 18 15 44 42.0 0.000000000000e+00 0.000000000000e+00 0.000000000000e+00
    0.000000000000e+00 0.000000000000e+00 0.000000000000e+00-1.363619364974e+00
    0.000000000000e+00 0.000000000000e+00 0.000000000000e+00 5.153700811386e+03
    4.032000000000e+05 0.000000000000e+00-1.218897273998e+00 0.000000000000e+00
    9.599310884343e-01 0.000000000000e+00 2.923551320413e+00 0.000000000000e+00
    0.000000000000e+00 1.000000000000e+00 1.984000000000e+03 0.000000000000e+00
    0.000000000000e+00 0.000000000000e+00 0.000000000000e+00 0.000000000000e+00
    4.032000000000e+05 4.000000000000e+00 0.000000000000e+00 0.000000000000e+00
 8 18  1 18 15 44 42.0 0.000000000000e+00 0.000000000000e+00 0.000000000000e+00
    0.000000000000e+00 0.000000000000e+00 0.000000000000e+00-2.033707958362e+00
    0.000000000000e+00 0.000000000000e+00 0.000000000000e+00 5.153700811386e+03
    4.032000000000e+05 0.000000000000e+00-1.160808970776e+00 0.000000000000e+00
    9.599310884343e-01 0.000000000000e+00 2.976520061357e+00 0.000000000000e+00
    0.000000000000e+00 1.000000000000e+00 1.984000000000e+03 0.000000000000e+00
    0.000000000000e+00 0.000000000000e+00 0.000000000000e+00 0.000000000000e+00
    4.032000000000e+05 4.000000000000e+00 0.000000000000e+00 0.000000000000e+00
19 18  1 18 15 44 42.0 0.000000000000e+00 0.000000000000e+00 0.000000000000e+00
    0.000000000000e+00 0.000000000000e+00 0.000000000000e+00 7.636562207754e-01
    0.000000000000e+00 0.000000000000e+00 0.000000000000e+00 5.153700811386e+03
    4.032000000000e+05 0.000000000000e+00 9.473480677524e-01 0.000000000000e+00
    9.599310884343e-01 0.000000000000e+00-3.912845847450e-01 0.000000000000e+00
    0.000000000000e+00 1.000000000000e+00 1.984000000000e+03 0.000000000000e+00
    0.000000000000e+00 0.000000000000e+00 0.000000000000e+00 0.000000000000e+00
    4.032000000000e+05 4.000000000000e+00 0.000000000000e+00 0.000000000000e+00
10 18  1 18 15 44 42.0 0.000000000000e+00 0.000000000000e+00 0.000000000000e+00
    0.000000000000e+00 0.000000000000e+00 0.000000000000e+00 1.316353640464e+00
    0.000000000000e+00 0.000000000000e+00 0.000000000000e+00 5.153700811386e+03
    4.032000000000e+05 0.000000000000e+00 2.994674990291e+00 0.000000000000e+00
    9.599310884343e-01 0.000000000000e+00 5.908354526339e-01 0.000000000000e+00
    0.000000000000e+00 1.000000000000e+00 1.984000000000e+03 0.000000000000e+00
    0.000000000000e+00 0.000000000000e+00 0.000000000000e+00 0.000000000000e+00
    4.032000000000e+05 4.000000000000e+00 0.000000000000e+00 0.000000000000e+00
13 18  1 18 15 44 42.0 0.000000000000e+00 0.000000000000e+00 0.000000000000e+00
    0.000000000000e+00 0.000000000000e+00 0.000000000000e+00 1.136061868188e+00
    0.000000000000e+00 0.000000000000e+00 0.000000000000e+00 5.153700811386e+03
    4.032000000000e+05 0.000000000000e+00-2.212083151422e+00 0.000000000000e+00
    9.599310884343e-01 0.000000000000e+00 1.506183742484e+00 0.000000000000e+00
    0.000000000000e+00 1.000000000000e+00 1.984000000000e+03 0.000000000000e+00
    0.000000000000e+00 0.000000000000e+00 0.000000000000e+00 0.000000000000e+00
    4.032000000000e+05 4.000000000000e+00 0.000000000000e+00 0.000000000000e+00
 6 18  1 18 15 44 42.0 0.000000000000e+00 0.000000000000e+00 0.000000000000e+00
    0.000000000000e+00 0.000000000000e+00 0.000000000000e+00 2.622060499619e+00
    0.000000000000e+00 0.000000000000e+00 0.000000000000e+00 5.153700811386e+03
    4.032000000000e+05 0.000000000000e+00 8.307977413292e-01 0.000000000000e+00
    9.599310884343e-01 0.000000000000e+00-1.463009119585e+00 0.000000000000e+00
    0.000000000000e+00 1.000000000000e+00 1.984000000000e+03 0.000000000000e+00
    0.000000000000e+00 0.000000000000e+00 0.000000000000e+00 0.000000000000e+00
    4.032000000000e+05 4.000000000000e+00 0.000000000000e+00 0.000000000000e+00
 3 18  1 18 15 44 42.0 0.000000000000e+00 0.000000000000e+00 0.000000000000e+00
    0.000000000000e+00 0.000000000000e+00 0.000000000000e+00 9.703441700438e-02
    0.000000000000e+00 0.000000000000e+00 0.000000000000e+00 5.153700811386e+03
    4.032000000000e+05 0.000000000000e+00 7.641294689224e-01 0.000000000000e+00
    9.599310884343e-01 0.000000000000e+00 8.899440766458e-01 0.000000000000e+00
    0.000000000000e+00 1.000000000000e+00 1.984000000000e+03 0.000000000000e+00
    0.000000000000e+00 0.000000000000e+00 0.000000000000e+00 0.000000000000e+00
    4.032000000000e+05 4.000000000000e+00 0.000000000000e+00 0.000000000000e+00
23 18  1 18 15 45 12.0 0.000000000000e+00 0.000000000000e+00 0.000000000000e+00
    0.000000000000e+00 0.000000000000e+00 0.000000000000e+00 2.245158765132e-01
    0.000000000000e+00 0.000000000000e+00 0.000000000000e+00 5.153700811386e+03
    4.032000000000e+05 0.000000000000e+00-2.261449149383e+00 0.000000000000e+00
    9.599310884343e-01 0.000000000000e+00 2.882402657652e+00 0.000000000000e+00
    0.000000000000e+00 1.000000000000e+00 1.984000000000e+03 0.000000000000e+00
    0.000000000000e+00 0.000000000000e+00 0.000000000000e+00 0.000000000000e+00
    4.032000000000e+05 4.000000000000e+00 0.000000000000e+00 0.000000000000e+00
 7 18  1 18 15 44 42.0 0.000000000000e+00 0.000000000000e+00 0.000000000000e+00
    0.000000000000e+00 0.000000000000e+00 0.000000000000e+00-1.363619364974e+00
    0.000000000000e+00 0.000000000000e+00 0.000000000000e+00 5.153700811386e+03
    4.032000000000e+05 0.000000000000e+00-1.218897273998e+00 0.000000000000e+00
    9.599310884343e-01 0.000000000000e+00 2.923551320413e+00 0.000000000000e+00
    0.000000000000e+00 1.000000000000e+00 1.984000000000e+03 0.000000000000e+00
    0.000000000000e+00 0.000000000000e+00 0.000000000000e+00 0.000000000000e+00
    4.032000000000e+05 4.000000000000e+00 0.000000000000e+00 0.000000000000e+00
 8 18  1 18 15 44 42.0 0.000000000000e+00 0.000000000000e+00 0.000000000000e+00
    0.000000000000e+00 0.000000000000e+00 0.000000000000e+00-2.033707958362e+00
    0.000000000000e+00 0.000000000000e+00 0.000000000000e+00 5.153700811386e+03
    4.032000000000e+05 0.000000000000e+00-1.160808970776e+00 0.000000000000e+00
    9.599310884343e-01 0.000000000000e+00 2.976520061357e+00 0.000000000000e+00
    0.000000000000e+00 1.000000000000e+00 1.984000000000e+03 0.000000000000e+00
    0.000000000000e+00 0.000000000000e+00 0.000000000000e+00 0.000000000000e+00
    4.032000000000e+05 4.000000000000e+00 0.000000000000e+00 0.000000000000e+00
19 18  1 18 15 44 42.0 0.000000000000e+00 0.000000000000e+00 0.000000000000e+00
    0.000000000000e+00 0.000000000000e+00 0.000000000000e+00 7.636562207754e-01
    0.000000000000e+00 0.000000000000e+00 0.000000000000e+00 5.153700811386e+03
    4.032000000000e+05 0.000000000000e+00 9.473480677524e-01 0.000000000000e+00
    9.599310884343e-01 0.000000000000e+00-3.912845847450e-01 0.000000000000e+00
    0.000000000000e+00 1.000000000000e+00 1.984000000000e+03 0.000000000000e+00
    0.000000000000e+00 0.000000000000e+00 0.000000000000e+00 0.000000000000e+00
    4.032000000000e+05 4.000000000000e+00 0.000000000000e+00 0.000000000000e+00
10 18  1 18 15 44 42.0 0.000000000000e+00 0.000000000000e+00 0.000000000000e+00
    0.000000000000e+00 0.000000000000e+00 0.000000000000e+00 1.316353640464e+00
    0.000000000000e+00 0.000000000000e+00 0.000000000000e+00 5.153700811386e+03
    4.032000000000e+05 0.000000000000e+00 2.994674990291e+00 0.000000000000e+00
    9.599310884343e-01 0.000000000000e+00 5.908354526339e-01 0.000000000000e+00
    0.000000000000e+00 1.000000000000e+00 1.984000000000e+03 0.000000000000e+00
    0.000000000000e+00 0.000000000000e+00 0.000000000000e+00 0.000000000000e+00
    4.032000000000e+05 4.000000000000e+00 0.000000000000e+00 0.000000000000e+00
13 18  1 18 15 44 42.0 0.000000000000e+00 0.000000000000e+00 0.000000000000e+00
    0.000000000000e+00 0.000000000000e+00 0.000000000000e+00 1.136061868188e+00
    0.000000000000e+00 0.000000000000e+00 0.000000000000e+00 5.153700811386e+03
    4.032000000000e+05 0.000000000000e+00-2.212083151422e+00 0.000000000000e+00
    9.599310884343e-01 0.000000000000e+00 1.506183742484e+00 0.000000000000e+00
    0.000000000000e+00 1.000000000000e+00 1.984000000000e+03 0.000000000000e+00
    0.000000000000e+00 0.000000000000e+00 0.000000000000e+00 0.000000000000e+00
    4.032000000000e+05 4.000000000000e+00 0.000000000000e+00 0.000000000000e+00
 6 18  1 18 15 44 42.0 0.000000000000e+00 0.000000000000e+00 0.000000000000e+00
    0.000000000000e+00 0.000000000000e+00 0.000000000000e+00 2.622060499619e+00
    0.000000000000e+00 0.000000000000e+00 0.000000000000e+00 5.153700811386e+03
    4.032000000000e+05 0.000000000000e+00 8.307977413292e-01 0.000000000000e+00
    9.599310884343e-01 0.000000000000e+00-1.463009119585e+00 0.000000000000e+00
    0.000000000000e+00 1.000000000000e+00 1.984000000000e+03 0.000000000000e+00
    0.000000000000e+00 0.000000000000e+00 0.000000000000e+00 0.000000000000e+00
    4.032000000000e+05 4.000000000000e+00 0.000000000000e+00 0.000000000000e+00
 3 18  1 18 15 44 42.0 0.000000000000e+00 0.000000000000e+00 0.000000000000e+00
    0.000000000000e+00 0.000000000000e+00 0.000000000000e+00 9.703441700438e-02
    0.000000000000e+00 0.000000000000e+00 0.000000000000e+00 5.153700811386e+03
    4.032000000000e+05 0.000000000000e+00 7.641294689224e-01 0.000000000000e+00
    9.599310884343e-01 0.000000000000e+00 8.899440766458e-01 0.000000000000e+00
    0.000000000000e+00 1.000000000000e+00 1.984000000000e+03 0.000000000000e+00
    0.000000000000e+00 0.000000000000e+00 0.000000000000e+00 0.000000000000e+00
    4.032000000000e+05 4.000000000000e+00 0.000000000000e+00 0.000000000000e+00
23 18  1 18 15 45 12.0 0.000000000000e+00 0.000000000000e+00 0.000000000000e+00
    0.000000000000e+00 0.000000000000e+00 0.000000000000e+00 2.245158765132e-01
    0.000000000000e+00 0.000000000000e+00 0.000000000000e+00 5.153700811386e+03
    4.032000000000e+05 0.000000000000e+00-2.261449149383e+00 0.000000000000e+00
    9.599310884343e-01 0.000000000000e+00 2.882402657652e+00 0.000000000000e+00
    0.000000000000e+00 1.000000000000e+00 1.984000000000e+03 0.000000000000e+00
    0.000000000000e+00 0.000000000000e+00 0.000000000000e+00 0.000000000000e+00
    4.032000000000e+05 4.000000000000e+00 0.000000000000e+00 0.000000000000e+00
 7 18  1 18 15 44 42.0 0.000000000000e+00 0.000000000000e+00 0.000000000000e+00
    0.000000000000e+00 0.000000000000e+00 0.000000000000e+00-1.363619364974e+00
    0.000000000000e+00 0.000000000000e+00 0.000000000000e+00 5.153700811386e+03
    4.032000000000e+05 0.000000000000e+00-1.218897273998e+00 0.000000000000e+00
    9.599310884343e-01 0.000000000000e+00 2.923551320413e+00 0.000000000000e+00
    0.000000000000e+00 1.000000000000e+00 1.984000000000e+03 0.000000000000e+00
    0.000000000000e+00 0.000000000000e+00 0.000000000000e+00 0.000000000000e+00
    4.032000000000e+05 4.000000000000e+00 0.000000000000e+00 0.000000000000e+00
 8 18  1 18 15 44 42.0 0.000000000000e+00 0.000000000000e+00 0.000000000000e+00
    0.000000000000e+00 0.000000000000e+00 0.000000000000e+00-2.033707958362e+00
    0.000000000000e+00 0.000000000000e+00 0.000000000000e+00 5.153700811386e+03
    4.032000000000e+05 0.000000000000e+00-1.160808970776e+00 0.000000000000e+00
    9.599310884343e-01 0.000000000000e+00 2.976520061357e+00 0.000000000000e+00
    0.000000000000e+00 1.000000000000e+00 1.984000000000e+03 0.000000000000e+00
    0.000000000000e+00 0.000000000000e+00 0.000000000000e+00 0.000000000000e+00
    4.032000000000e+05 4.000000000000e+00 0.000000000000e+00 0.000000000000e+00
19 18  1 18 15 44 42.0 0.000000000000e+00 0.000000000000e+00 0.000000000000e+00
    0.000000000000e+00 0.000000000000e+00 0.000000000000e+00 7.636562207754e-01
    0.000000000000e+00 0.000000000000e+00 0.000000000000e+00 5.153700811386e+03
    4.032000000000e+05 0.000000000000e+00 9.473480677524e-01 0.000000000000e+00
    9.599310884343e-01 0.000000000000e+00-3.912845847450e-01 0.000000000000e+00
    0.000000000000e+00 1.000000000000e+00 1.984000000000e+03 0.000000000000e+00
    0.000000000000e+00 0.000000000000e+00 0.000000000000e+00 0.000000000000e+00
    4.032000000000e+05 4.000000000000e+00 0.000000000000e+00 0.000000000000e+00
10 18  1 18 15 44 42.0 0.000000000000e+00 0.000000000000e+00 0.000000000000e+00
    0.000000000000e+00 0.000000000000e+00 0.000000000000e+00 1.316353640464e+00
    0.000000000000e+00 0.000000000000e+00 0.000000000000e+00 5.153700811386e+03
    4.032000000000e+05 0.000000000000e+00 2.994674990291e+00 0.000000000000e+00
    9.599310884343e-01 0.000000000000e+00 5.908354526339e-01 0.000000000000e+00
    0.000000000000e+00 1.000000000000e+00 1.984000000000e+03 0.000000000000e+00
    0.000000000000e+00 0.000000000000e+00 0.000000000000e+00 0.000000000000e+00
    4.032000000000e+05 4.000000000000e+00 0.000000000000e+00 0.000000000000e+00
13 18  1 18 15 44 42.0 0.000000000000e+00 0.000000000000e+00 0.000000000000e+00
    0.000000000000e+00 0.000000000000e+00 0.000000000000e+00 1.136061868188e+00
    0.000000000000e+00 0.000000000000e+00 0.000000000000e+00 5.153700811386e+03
    4.032000000000e+05 0.000000000000e+00-2.212083151422e+00 0.000000000000e+00
    9.599310884343e-01 0.000000000000e+00 1.506183742484e+00 0.000000000000e+00
    0.000000000000e+00 1.000000000000e+00 1.984000000000e+03 0.000000000000e+00
    0.000000000000e+00 0.000000000000e+00 0.000000000000e+00 0.000000000000e+00
    4.032000000000e+05 4.000000000000e+00 0.000000000000e+00 0.000000000000e+00
 6 18  1 18 15 44 42.0 0.000000000000e+00 0.000000000000e+00 0.000000000000e+00
    0.000000000000e+00 0.000000000000e+00 0.000000000000e+00 2.622060499619e+00
    0.000000000000e+00 0.000000000000e+00 0.000000000000e+00 5.153700811386e+03
    4.032000000000e+05 0.000000000000e+00 8.307977413292e-01 0.000000000000e+00
    9.599310884343e-01 0.000000000000e+00-1.463009119585e+00 0.000000000000e+00
    0.000000000000e+00 1.000000000000e+00 1.984000000000e+03 0.000000000000e+00
    0.000000000000e+00 0.000000000000e+00 0.000000000000e+00 0.000000000000e+00
    4.032000000000e+05 4.000000000000e+00 0.000000000000e+00 0.000000000000e+00
 3 18  1 18 15 44 42.0 0.000000000000e+00 0.000000000000e+00 0.000000000000e+00
    0.000000000000e+00 0.000000000000e+00 0.000000000000e+00 9.703441700438e-02
    0.000000000000e+00 0.000000000000e+00 0.000000000000e+00 5.153700811386e+03
    4.032000000000e+05 0.000000000000e+00 7.641294689224e-01 0.000000000000e+00
    9.599310884343e-01 0.000000000000e+00 8.899440766458e-01 0.000000000000e+00
    0.000000000000e+00 1.000000000000e+00 1.984000000000e+03 0.000000000000e+00
    0.000000000000e+00 0.000000000000e+00 0.000000000000e+00 0.000000000000e+00
    4.032000000000e+05 4.000000000000e+00 0.000000000000e+00 0.000000000000e+00
23 18  1 18 15 45 12.0 0.000000000000e+00 0.000000000000e+00 0.000000000000e+00
    0.000000000000e+00 0.000000000000e+00 0.000000000000e+00 2.245158765132e-01
    0.000000000000e+00 0.000000000000e+00 0.000000000000e+00 5.153700811386e+03
    4.032000000000e+05 0.000000000000e+00-2.261449149383e+00 0.000000000000e+00
    9.599310884343e-01 0.000000000000e+00 2.882402657652e+00 0.000000000000e+00
    0.000000000000e+00 1.000000000000e+00 1.984000000000e+03 0.000000000000e+00
    0.000000000000e+00 0.000000000000e+00 0.000000000000e+00 0.000000000000e+00
    4.032000000000e+05 4.000000000000e+00 0.000000000000e+00 0.000000000000e+00
 7 18  1 18 15 44 42.0 0.000000000000e+00 0.000000000000e+00 0.000000000000e+00
    0.000000000000e+00 0.000000000000e+00 0.000000000000e+00-1.363619364974e+00
    0.000000000000e+00 0.000000000000e+00 0.000000000000e+00 5.153700811386e+03
    4.032000000000e+05 0.000000000000e+00-1.218897273998e+00 0.000000000000e+00
    9.599310884343e-01 0.000000000000e+00 2.923551320413e+00 0.000000000000e+00
    0.000000000000e+00 1.000000000000e+00 1.984000000000e+03 0.000000000000e+00
    0.000000000000e+00 0.000000000000e+00 0.000000000000e+00 0.000000000000e+00
    4.032000000000e+05 4.000000000000e+00 0.000000000000e+00 0.000000000000e+00
 8 18  1 18 15 44 42.0 0.000000000000e+00 0.000000000000e+00 0.000000000000e+00
    0.000000000000e+00 0.000000000000e+00 0.000000000000e+00-2.033707958362e+00
    0.000000000000e+00 0.000000000000e+00 0.000000000000e+00 5.153700811386e+03
    4.032000000000e+05 0.000000000000e+00-1.160808970776e+00 0.000000000000e+00
    9.599310884343e-01 0.000000000000e+00 2.976520061357e+00 0.000000000000e+00
    0.000000000000e+00 1.000000000000e+00 1.984000000000e+03 0.000000000000e+00
    0.000000000000e+00 0.000000000000e+00 0.000000000000e+00 0.000000000000e+00
    4.032000000000e+05 4.000000000000e+00 0.000000000000e+00 0.000000000000e+00
19 18  1 18 15 44 42.0 0.000000000000e+00 0.000000000000e+00 0.000000000000e+00
    0.000000000000e+00 0.000000000000e+00 0.000000000000e+00 7.636562207754e-01
    0.000000000000e+00 0.000000000000e+00 0.000000000000e+00 5.153700811386e+03
    4.032000000000e+05 0.000000000000e+00 9.473480677524e-01 0.000000000000e+00
    9.599310884343e-01 0.000000000000e+00-3.912845847450e-01 0.000000000000e+00
    0.000000000000e+00 1.000000000000e+00 1.984000000000e+03 0.000000000000e+00
    0.000000000000e+00 0.000000000000e+00 0.000000000000e+00 0.000000000000e+00
    4.032000000000e+05 4.000000000000e+00 0.000000000000e+00 0.000000000000e+00
10 18  1 18 15 44 42.0 0.000000000000e+00 0.000000000000e+00 0.000000000000e+00
    0.000000000000e+00 0.000000000000e+00 0.000000000000e+00 1.316353640464e+00
    0.000000000000e+00 0.000000000000e+00 0.000000000000e+00 5.153700811386e+03
    4.032000000000e+05 0.000000000000e+00 2.994674990291e+00 0.000000000000e+00
    9.599310884343e-01 0.000000000000e+00 5.908354526339e-01 0.000000000000e+00
    0.000000000000e+00 1.000000000000e+00 1.984000000000e+03 0.000000000000e+00
    0.000000000000e+00 0.000000000000e+00 0.000000000000e+00 0.000000000000e+00
    4.032000000000e+05 4.000000000000e+00 0.000000000000e+00 0.000000000000e+00
